-5.109996,-3.657497,-1.557499,975.000000
-1.242499,-7.367495,-5.109996,
4.339997,-5.914996,-6.387496,
3.044998,2.362498,-3.149998,
-1.522499,6.509995,-9.082494,
-4.007497,2.624998,-7.052495,
0.490000,-0.700000,-5.057497,
4.497497,1.154999,0.420000,
4.287497,-1.522499,0.070000,
0.385000,3.342498,0.350000,
2.624998,1.977499,1.259999,975.000000
-1.522499,-2.239998,1.942499,
-3.464998,-3.657497,11.409991,
-3.132498,0.210000,31.464977,
-7.472495,-3.307498,29.084978,
-12.074991,0.682500,36.557472,
-10.744992,0.297500,24.534983,
12.967490,-8.644994,31.342478,
44.432468,6.369996,40.827469,
5.687496,6.334995,42.769970,
0.210000,-1.924999,55.999958,975.000000
-19.162487,24.849981,27.737480,
-25.339981,-7.262495,-2.449998,
19.074986,-1.627499,-1.574999,
28.052479,24.482483,-20.964985,
20.947485,20.037485,-16.449987,
-12.914990,-5.372496,6.002496,
-12.127491,-10.184993,15.767488,
-17.832487,-8.259994,22.574984,
-8.907494,-2.852498,38.814972,
22.557484,-8.014995,31.132477,975.000000
63.122456,13.859990,30.589977,
-13.702490,-7.839994,4.549997,
6.509995,-6.107496,-11.619991,
12.949990,-20.632484,-24.167482,
21.402485,-21.822485,-40.442471,
-23.764982,26.564981,-25.812481,
-67.164948,-5.512496,4.742496,
11.777492,-6.947495,0.472500,
8.312494,-28.787479,3.569997,
36.207474,18.059986,57.522457,975.000000
-2.029999,-5.512496,3.884997,
47.144966,-39.444973,-32.847477,
-34.824974,3.044998,-31.639977,
28.402479,-17.149988,-29.959978,
21.682484,14.052490,-11.707492,
47.949966,6.754995,-7.979994,
-63.664955,-4.514997,-6.702495,
0.507500,-26.984980,5.197496,
8.417494,4.549997,11.497492,
-12.022491,8.189994,8.924994,975.000000
24.219982,4.409997,18.882486,
57.802460,24.149982,-9.397493,
-14.314990,-35.629974,-30.869978,
12.932490,-20.737486,-8.434994,
8.014995,-8.889994,-9.309993,
15.784988,-1.399999,-0.262500,
8.364994,9.957493,3.202498,
-23.589983,3.534997,16.712488,
17.447487,5.302496,6.807495,
33.459976,-1.277499,13.212490,975.000000
-152.424896,11.637491,34.579975,
-14.017489,-25.549982,-24.972483,
43.539967,10.062492,-14.997489,
22.924984,10.307492,-17.097488,
-7.927494,13.317491,-5.074996,
1.889999,11.252492,11.987492,
5.267496,-9.887493,13.107491,
25.654982,20.212486,12.459991,
28.157480,1.312499,19.424986,
22.784983,-18.357487,-34.947475,975.000000
-1.539999,-57.574959,1.994999,
-5.197496,-0.315000,-29.312479,
-11.549992,2.869998,-23.152483,
8.854994,22.627483,-22.434984,
-5.599996,10.674993,22.837484,
-5.074996,1.942499,23.099983,
-3.289998,-15.084989,6.369996,
-7.279994,14.174990,3.289998,
41.894970,-20.999985,-8.294994,
-34.439976,0.472500,-27.422480,975.000000
41.562469,3.289998,-29.994978,
-99.942429,0.280000,-40.022472,
-42.349968,-18.129988,-10.902493,
32.007477,18.199987,-11.147491,
45.569965,19.757486,-3.184998,
-131.897400,7.227495,-5.284996,
-28.664980,-13.369990,-36.154972,
9.992493,6.439995,-33.669975,
31.674976,18.899986,-45.709969,
-25.742481,-8.767493,-79.852440,975.000000
-2.432498,-10.272492,-84.209938,
15.434989,-8.837494,-69.929947,
-16.187489,-4.654996,-66.762451,
10.167493,8.084994,-49.997463,
-5.267496,6.247496,-33.827477,
53.007462,-7.209995,-46.637466,
16.432487,-12.897491,-45.884968,
-16.624989,-10.429993,-54.407459,
3.272498,-5.862496,-55.912460,
-1.312499,-14.734989,-47.039967,975.000000
5.319996,-8.609994,-62.999954,
-10.009993,-0.472500,-74.287445,
-21.769983,0.157500,-86.659935,
12.949990,16.362488,-62.282455,
-0.909999,4.322497,-55.527458,
27.387480,3.482497,-16.607489,
-0.140000,-8.119994,-23.344982,
18.077486,3.272498,-24.674982,
-5.599996,-1.487499,-24.254982,
-2.432498,-6.579995,-30.029978,975.000000
7.052495,-2.764998,-36.032475,
7.489995,-14.629990,-51.712463,
-1.942499,-3.149998,-50.872463,
10.324992,2.327498,-52.237461,
-13.824990,-0.227500,-44.729969,
-6.054996,8.504993,-30.169977,
11.059992,17.832487,-11.322492,
19.232487,-0.647500,-6.002496,
9.852493,-26.162481,-5.617496,
-11.094992,-9.904993,3.657497,975.000000
-11.829991,11.024992,-1.137499,
-5.529996,-9.099994,-17.499987,
10.149993,-6.982495,-25.689981,
36.714973,-0.700000,-37.327473,
38.482471,9.939993,-26.914980,
-40.319969,-3.324998,-0.874999,
-27.824980,-17.534986,-0.909999,
-17.027487,5.354996,8.557494,
11.094992,-4.357497,10.482492,
-5.197496,4.129997,8.592494,975.000000
10.587492,-3.167498,6.544995,
-20.544985,-0.962499,-27.457479,
28.437479,-21.962484,-19.442486,
-15.784988,-8.994993,-23.974983,
-90.894936,-7.647494,-5.477496,
-34.632473,-16.204988,7.664994,
37.362473,-17.744987,21.437485,
8.294994,16.729988,19.057486,
12.162491,16.589989,17.849987,
50.154964,-12.057491,3.237498,975.000000
2.169998,0.682500,-2.222498,
45.902466,-3.937497,-15.329988,
36.662472,-6.702495,-21.734983,
49.384964,-10.027493,11.234992,
-47.547466,-32.917477,8.924994,
25.672482,47.634964,39.759972,
-107.537422,-7.402494,38.377472,
-14.367490,-18.287487,-11.199992,
40.687469,4.654996,9.117494,
33.057476,20.457485,-4.427497,975.000000
-31.902477,-3.867497,-7.804994,
-50.102463,17.604988,27.527479,
-29.329979,-13.649990,19.022486,
21.227484,-7.717494,24.009983,
15.714989,15.469989,11.287492,
4.182497,-34.352474,-63.192455,
41.527470,13.212490,-19.249987,
24.569983,23.327482,-28.997478,
-4.689997,16.012489,23.327482,
-9.869993,-12.897491,5.512496,975.000000
21.052485,9.292493,21.822485,
-94.097435,-35.699974,19.092485,
-64.679955,-18.532486,-54.407459,
12.039991,6.632495,-13.772490,
-12.197491,-14.297489,-42.104969,
-41.999969,57.732460,40.109970,
-30.397478,20.509985,-12.302491,
31.307478,-3.149998,15.837488,
14.314990,0.402500,16.397488,
-69.264946,-30.257479,3.149998,975.000000
-6.369996,20.527485,-48.894966,
24.534983,21.052485,-18.882486,
51.484962,3.009998,-49.629963,
-19.127485,47.617466,-32.164978,
-33.879974,-29.329979,-50.644962,
-0.717499,-10.324992,-37.327473,
16.362488,6.527495,-21.297485,
4.987496,-6.702495,-40.529972,
1.714999,-13.807490,-29.504978,
-25.409981,-9.869993,-69.299950,975.000000
9.607493,1.854999,-67.549950,
-0.542500,-16.782488,-73.499947,
41.859970,29.294979,-67.269951,
-9.642493,-26.792480,-85.714935,
-6.684995,6.632495,-84.559937,
2.309998,-2.414998,-76.422447,
16.747488,13.562490,-56.069958,
14.892489,2.659998,-44.169968,
-13.947490,-19.179987,-35.664974,
10.202493,0.402500,-44.467468,975.000000
-4.322497,-12.722490,-54.179962,
-15.242489,-17.237488,-47.617466,
12.267491,1.627499,-56.052460,
18.024986,-8.084994,-57.189957,
5.249996,1.434999,-49.017464,
-16.589989,3.552497,-51.729961,
11.584991,8.452494,-50.644962,
14.542489,11.199992,-13.597490,
27.369980,-4.549997,-30.449978,
-8.259994,-14.017489,-28.909979,975.000000
-42.034969,-2.502498,3.394998,
-29.609978,8.697494,-22.259983,
-19.197487,-4.322497,-8.102494,
-5.372496,-11.199992,-31.079977,
-6.019996,-7.559995,-49.174965,
50.259964,4.584997,-23.397484,
-2.012499,2.729998,-48.387466,
36.224976,64.049957,42.909969,
-62.964954,6.072495,13.947490,
-10.447493,-47.914967,-28.559978,975.000000
8.329994,-44.957466,17.359987,
-71.259949,-8.049994,19.617485,
-20.037485,11.479992,-33.214977,
21.209984,-11.094992,-6.527495,
40.687469,8.294994,-22.644983,
14.017489,-28.279980,-20.439985,
8.732493,40.879971,26.879980,
-22.959984,-13.719990,29.959978,
29.119978,3.692497,13.789990,
18.304987,-26.249981,22.312485,975.000000
26.844980,-19.144985,-31.954977,
36.154972,53.199963,9.467493,
2.677498,-27.422480,-35.892475,
48.649963,28.752480,-9.012493,
7.017495,-8.609994,-18.479986,
-35.997475,53.654961,21.909985,
-50.417465,-14.402490,5.337496,
3.342498,-0.367500,-19.967485,
0.052500,-33.389977,-5.389996,
79.642441,22.452484,-32.252476,975.000000
16.432487,13.299991,44.222469,
-55.842461,-25.742481,-24.499983,
-6.719995,-9.537493,-30.204979,
46.549965,10.237493,-10.272492,
5.319996,-8.067494,-9.519993,
-1.574999,29.242479,25.917480,
-14.209990,-17.009987,12.984990,
11.304992,5.722496,20.649984,
102.689926,-14.787489,-20.562485,
-40.512470,-5.599996,69.772446,975.000000
-9.659993,8.434994,-18.777487,
13.789990,18.532486,-4.987496,
17.867487,-21.209984,-36.067474,
-1.924999,-0.437500,59.779957,
-8.854994,-27.002480,3.097498,
29.784979,18.374987,10.674993,
-99.084930,17.132488,52.639961,
-52.132462,-32.672478,-18.654987,
25.042482,-9.222493,-41.457470,
56.997459,14.664989,-6.807495,975.000000
17.272488,-37.099972,-38.884972,
-34.509975,36.172474,4.112497,
-81.987442,11.182492,9.099994,
-21.157484,-5.774996,-38.674973,
13.457490,11.567492,3.709997,
38.867474,-22.084984,-29.907478,
-6.859995,28.524979,-40.477470,
18.514986,-10.639993,-34.877476,
14.892489,-8.084994,-99.539925,
63.734955,-23.782482,-99.329926,975.000000
88.042435,68.004951,-30.274979,
-57.767460,-12.879991,-63.664955,
-2.327498,-15.819988,-67.759949,
16.187489,14.402490,-14.122490,
-11.917491,-20.527485,-22.732483,
29.819979,33.879974,-29.872478,
-6.632495,-20.894985,-42.542469,
-10.937492,-14.682489,-55.212460,
24.937483,6.159996,-56.139957,
16.974987,-9.869993,-64.749954,975.000000
-7.857494,-14.769989,-94.534935,
-24.499983,5.284996,-55.754959,
28.559978,5.529996,-80.674942,
29.924978,-1.242499,-31.394978,
0.157500,-7.664994,-14.559989,
-14.857490,-31.342478,-11.847491,
7.122495,1.049999,-28.682480,
-6.509995,0.577500,-15.959989,
6.719995,4.847497,-29.994978,
18.672487,17.342487,-45.674969,975.000000
-0.210000,-18.637487,-55.597458,
-4.024997,-13.019991,-79.204941,
5.494996,4.882496,-58.764957,
10.359992,19.512486,-42.542469,
-8.697494,-21.017485,-48.947464,
-36.049973,-4.987496,-15.644989,
23.642483,-24.657482,-22.749983,
5.477496,-11.812491,-3.237498,
-59.149956,-39.024971,-39.707470,
8.907494,26.459980,-38.517471,975.000000
-20.527485,-37.204971,-31.114977,
9.152493,2.064998,-46.689964,
29.259979,-11.532492,-30.852478,
3.412498,31.884977,-2.467498,
-0.455000,18.339987,12.197491,
0.717499,-21.752483,5.739996,
10.937492,20.422485,9.362494,
-99.224930,19.844986,46.917465,
-53.672462,-44.519966,-49.559963,
34.019974,9.274993,-25.514982,975.000000
59.219955,0.122500,-35.559975,
-24.604982,47.704964,62.457455,
-99.364929,-31.464977,-4.794997,
43.627468,17.569986,13.247490,
8.469994,-7.122495,33.477474,
-66.499954,-28.979979,13.212490,
4.654996,2.012499,-47.687466,
39.899971,1.469999,-14.612490,
8.539994,16.134989,-10.219993,
21.017485,-51.169964,-14.454989,975.000000
-36.067474,35.734974,16.344988,
-75.739944,-16.974987,9.607493,
-4.479997,-8.504993,-5.652496,
3.167498,37.712471,37.607471,
68.774948,-15.837488,5.127496,
47.879967,32.812477,-21.909985,
17.359987,3.412498,-5.232496,
22.574984,-31.132477,-34.089973,
-8.627494,19.914986,46.199966,
-23.677483,-31.499977,-20.124985,975.000000
35.314976,27.527479,5.617496,
29.084978,32.584976,22.679983,
-23.099983,-5.284996,8.924994,
-4.637496,-9.257493,-34.912476,
6.667495,-10.587492,-48.072464,
-60.532455,-19.459986,-12.897491,
15.189989,16.607489,-5.792496,
8.277494,-18.339987,-7.314995,
19.284986,-6.737495,10.342492,
3.324998,-24.219982,-3.324998,975.000000
18.952486,24.709982,-24.079983,
-26.792480,-21.034985,-42.944969,
-11.637491,11.409991,-40.862469,
-42.822468,49.052464,-14.612490,
-7.227495,-6.807495,-30.274979,
22.504984,-41.877468,-48.177464,
87.762436,-2.099998,-46.217468,
27.912479,-28.664980,-9.992493,
14.139990,5.984996,-30.817478,
-5.337496,-10.674993,-50.889961,975.000000
12.022491,20.072485,-49.384964,
-19.739986,-6.177495,-53.602463,
-13.037491,12.827491,-62.544956,
13.229990,6.159996,-64.697456,
24.954983,7.752494,-38.377472,
7.822495,12.547491,-25.357481,
-60.042458,-11.794991,-15.767488,
0.769999,-21.402485,-48.614964,
18.042486,-0.385000,-37.817474,
-7.332495,-12.127491,-67.444954,975.000000
27.632481,8.014995,-84.034943,
20.159985,-15.242489,-100.659927,
-8.487494,-0.822499,-103.739922,
-24.412483,17.867487,-69.754951,
10.289992,-15.242489,-97.107430,
-2.589998,-2.134999,-56.839958,
9.502493,24.989983,-37.974972,
-1.434999,-20.562485,-26.232481,
11.077492,-20.054985,-28.944979,
2.064998,-15.032489,-44.589966,975.000000
7.734994,-0.979999,-32.707478,
20.387486,-3.027498,-50.032463,
-10.832492,-16.624989,-49.979965,
26.337481,-23.222483,-55.597458,
-28.577478,15.994988,-53.094963,
22.242483,3.429997,-38.149971,
2.607498,-0.927499,-12.757491,
12.879991,7.069995,4.829997,
-6.702495,2.974998,17.867487,
4.934997,-26.022482,7.909994,975.000000
-13.737490,13.632490,-14.122490,
-27.212481,3.009998,-27.597481,
17.552486,-17.482487,-32.077477,
32.077477,-24.324982,-28.962479,
-5.232496,9.362494,-27.754980,
-79.992439,-19.092485,-39.427471,
-37.537472,0.962499,10.447493,
26.582481,0.280000,5.809996,
21.349985,4.077497,-2.449998,
17.919987,-1.452499,10.097492,975.000000
-85.872437,-0.297500,-45.289967,
-25.252481,12.407491,-24.569983,
21.157484,-10.237493,1.942499,
27.264980,6.772495,-21.909985,
25.024982,-13.317491,-17.429987,
-86.082436,35.997475,-8.102494,
-4.269997,-4.427497,1.749999,
19.547485,-7.874994,19.074986,
41.789970,-24.832481,24.972483,
39.444973,14.139990,15.452489,975.000000
5.162496,-19.967485,-6.422495,
-23.257483,-12.407491,-22.364985,
7.174995,5.739996,5.739996,
9.152493,-5.179996,6.614995,
-100.169930,25.304981,-34.754974,
67.462448,-7.437495,48.212463,
63.717453,4.339997,12.844991,
56.244961,4.129997,51.589962,
-53.987461,17.779987,-80.534943,
-46.112465,-12.687490,-33.477474,975.000000
14.892489,-16.939987,-9.187493,
34.159977,-34.982475,-11.847491,
-13.054991,8.889994,-10.429993,
-2.834998,11.794991,5.582496,
7.962494,10.324992,-15.644989,
47.862465,-20.702484,10.779992,
15.784988,23.239983,-14.052490,
13.212490,-15.242489,-41.982471,
24.954983,35.332474,8.312494,
-45.149967,14.857490,-23.939983,975.000000
-45.534966,15.172489,9.064994,
24.149982,-0.122500,44.939968,
21.279985,-21.717484,24.517483,
-27.089981,50.049965,66.342453,
39.129971,-27.597481,-39.182472,
6.702495,24.359982,-23.554983,
27.107481,2.292498,-10.167493,
2.432498,-23.904984,-22.189983,
-65.992455,11.759992,-29.277479,
-54.652462,20.369986,9.519993,975.000000
13.807490,-0.630000,1.102499,
14.069990,17.902487,-9.309993,
4.462497,11.234992,-35.822475,
12.442491,-40.319969,-34.807476,
-2.082499,-11.899991,-38.814972,
19.197487,9.869993,-48.807465,
17.009987,2.589998,-76.527443,
-128.047409,58.729958,-78.784943,
39.794971,0.035000,-11.444992,
56.314960,12.949990,-68.529953,975.000000
40.477470,-12.967490,-54.389961,
19.949986,29.854979,-44.432468,
18.042486,-15.154989,-97.737427,
-9.677493,-7.682495,-85.032440,
18.164988,-10.937492,-74.462448,
23.974983,-17.394987,-100.904930,
-57.679958,-3.377497,-123.199913,
-21.892485,10.709992,-56.454960,
30.327478,8.242494,-58.292458,
32.707478,-0.210000,-79.274940,975.000000
38.587471,14.752489,-36.382473,
44.239967,17.797487,-48.947464,
-13.054991,13.072491,-73.009949,
-2.782498,-19.564985,-58.974957,
5.494996,-2.344998,-34.929974,
27.072481,-19.302486,-36.277473,
-38.972473,-17.499987,-64.889954,
-30.694977,-20.492485,-10.132493,
-14.892489,1.032499,4.514997,
-13.369990,15.627489,9.939993,975.000000
25.777481,-14.927489,30.432478,
4.602497,0.874999,37.274975,
25.322481,-19.547485,42.227470,
26.862480,-40.144970,-7.752494,
5.687496,33.302475,-22.469984,
26.302481,22.242483,-22.994984,
43.312469,17.114988,12.354991,
-12.214992,1.837499,25.987482,
-35.979973,26.249981,22.942484,
25.987482,0.979999,40.844971,975.000000
21.157484,6.247496,47.547466,
7.577495,-36.784973,-40.249969,
-10.202493,7.979994,-15.312489,
4.777496,21.227484,-18.164988,
42.507469,-48.632465,2.239998,
-62.159954,-1.942499,-20.597485,
0.332500,2.992498,28.227480,
3.797497,13.457490,13.807490,
23.502483,3.587497,60.462456,
21.122484,-36.872475,-77.752441,975.000000
-54.582462,61.302456,-12.844991,
-6.159996,15.189989,-6.492495,
-32.409977,3.744997,-27.894979,
20.212486,19.512486,45.097466,
44.887466,-11.147491,-1.592499,
31.639977,9.624993,20.072485,
5.792496,40.669971,44.537468,
24.342482,-14.349990,-14.262489,
8.504993,25.672482,-11.882491,
34.352474,-0.612500,-1.312499,975.000000
-68.372452,44.519966,-35.104973,
22.067484,-21.279985,34.177475,
2.362498,-21.752483,-0.944999,
23.852482,-12.652491,26.652481,
0.000000,9.257493,37.799973,
-34.684975,-52.184963,-17.289988,
-68.897453,10.622492,-22.259983,
25.759981,12.634991,12.564991,
11.479992,12.897491,-33.162476,
16.869987,27.789980,21.839985,975.000000
-14.052490,-3.622497,30.379978,
-6.859995,-15.487489,8.347494,
24.009983,8.557494,40.897469,
52.447460,-22.347485,33.109978,
-74.812447,-12.022491,-25.829981,
-25.777481,30.747478,-29.749979,
40.249969,12.704990,-8.277494,
85.364937,-15.732489,-19.214987,
-84.629936,36.294975,-76.299942,
-5.477496,-7.647494,15.732489,975.000000
15.417489,-6.667495,-28.034979,
15.312489,2.519998,-21.664984,
-23.607483,-11.147491,-28.664980,
-38.867474,3.849997,-48.842464,
7.822495,-0.997499,-32.287476,
25.392481,11.252492,-20.054985,
43.609970,-23.099983,-50.767464,
-3.884997,-18.059986,-79.904945,
-27.772480,-11.042492,-70.087448,
7.962494,-8.732493,-42.349968,975.000000
-17.149988,6.474995,-48.037464,
24.587482,11.584991,-11.672491,
-11.847491,14.629990,-27.894979,
18.374987,-6.684995,-33.844975,
23.589983,-6.509995,-55.789959,
8.977493,-18.322487,-92.627434,
15.662489,-16.257488,-88.374939,
53.584961,-32.182476,-85.277435,
-6.824995,-19.302486,-113.977417,
-16.992487,-25.147482,-128.169907,975.000000
14.647490,13.579990,-96.074928,
-2.064998,-1.067499,-110.389923,
31.989977,-13.492490,-52.814960,
-7.332495,-9.887493,-47.232468,
26.932480,-16.467487,-50.714962,
7.332495,1.819999,-80.097443,
-2.187498,-25.969980,-81.987442,
-5.809996,-8.959993,-65.029953,
-3.289998,-17.324987,-52.202461,
-1.662499,3.114998,-30.239979,975.000000
-13.159990,26.092482,-33.267475,
28.507479,-1.889999,-21.892485,
13.894990,-10.062492,-41.964970,
-11.742492,13.719990,0.682500,
15.014989,-24.149982,1.889999,
23.537483,-1.784999,15.487489,
-19.739986,1.627499,-8.224994,
-16.309988,5.477496,16.712488,
-18.322487,5.004996,3.674997,
-23.309982,-4.917496,4.462497,975.000000
6.002496,-21.647484,-8.539994,
-3.814997,16.537489,-23.712482,
0.245000,14.629990,-18.199987,
14.822489,-9.589993,-25.217482,
-18.654987,1.487499,-27.754980,
-5.599996,-10.149993,-5.617496,
4.724997,-11.952492,2.169998,
7.542494,-11.584991,-3.797497,
13.632490,14.839990,25.059982,
2.712498,-2.887498,-5.337496,975.000000
-3.622497,5.459996,-25.199982,
18.007486,8.277494,-37.169971,
5.827496,-5.004996,-77.244942,
-5.459996,13.422490,-75.442444,
2.169998,0.420000,-77.244942,
10.272492,-7.139995,-91.279930,
20.212486,6.824995,-93.257431,
12.179991,4.689997,-116.322418,
16.887487,-1.767499,-94.779930,
20.352486,-18.409986,-92.504936,975.000000
13.107491,-23.047483,-75.372444,
-18.532486,-21.717484,-81.742439,
-5.582496,4.532497,-53.164963,
10.324992,7.297495,-48.684963,
11.864991,-10.447493,-56.629959,
5.319996,6.894995,-44.659969,
26.127481,-23.484983,-57.084957,
2.659998,-8.557494,-50.662464,
0.525000,24.412483,-26.284981,
-7.962494,5.582496,-21.629984,975.000000
5.109996,5.844996,15.609988,
-6.142496,-20.772486,30.852478,
-7.927494,-13.194990,53.077461,
3.219998,-16.939987,44.344967,
50.154964,-25.899981,46.374966,
6.614995,14.104990,25.269981,
14.209990,21.804985,9.799993,
-27.509979,12.477491,-14.629990,
3.062498,-16.607489,-8.977493,
-23.572483,17.202488,-5.897496,975.000000
-6.754995,2.134999,9.099994,
8.294994,5.687496,14.664989,
4.287497,29.049978,29.364979,
-13.999990,12.932490,7.384995,
45.814968,-6.772495,-5.459996,
30.729979,47.389965,18.427486,
67.427452,-37.904972,-3.149998,
-38.412472,-16.134989,-1.557499,
-1.049999,-11.514992,-28.402479,
-5.057497,-7.612494,-58.904957,975.000000
-13.772490,13.527491,-29.837479,
5.984996,-26.442480,-25.427481,
-1.067499,4.584997,34.859974,
-20.964985,-2.257498,31.377478,
-10.079992,1.679999,30.852478,
10.377493,-12.407491,29.889978,
7.787494,14.279989,38.202473,
18.199987,1.452499,6.457495,
6.737495,5.354996,-18.584986,
-20.194984,4.252497,-30.432478,975.000000
-3.464998,-4.584997,-12.652491,
7.034995,-3.429997,5.827496,
37.607471,11.917491,43.417469,
-0.192500,0.997499,10.062492,
-35.017475,17.184988,11.304992,
4.654996,-8.539994,22.942484,
5.529996,12.704990,33.512474,
16.064989,-1.837499,6.089995,
-38.954971,-15.347488,-27.632481,
-24.552483,-6.964995,4.164997,975.000000
9.274993,-13.667490,-6.142496,
6.142496,14.157490,23.694983,
12.424991,-5.687496,40.739971,
15.644989,-2.047498,61.004955,
-7.349995,7.104995,76.457443,
-3.097498,-4.742496,30.607477,
4.969996,18.147488,60.584957,
40.127472,-2.484998,79.274940,
-4.182497,41.912468,84.734940,
-27.877480,2.204998,119.874916,975.000000
-11.462492,7.332495,152.582382,
-23.397484,29.557478,155.679886,
-3.639997,-1.242499,102.234924,
-38.762470,21.367485,97.142433,
-11.182492,10.709992,97.107430,
-2.117498,2.904998,68.249954,
-21.559984,25.969980,51.799961,
-21.507484,28.647480,45.359966,
18.987486,-8.312494,28.804979,
3.552497,-1.399999,23.537483,975.000000
-3.692497,-19.004986,21.717484,
28.979979,-30.012478,45.447468,
-22.627483,13.457490,46.532467,
-26.652481,4.164997,60.077457,
5.092496,-10.097492,55.072460,
-4.917496,14.174990,50.784962,
11.007492,-9.589993,25.024982,
-35.577473,5.809996,-12.319991,
-3.254998,10.447493,9.624993,
-3.237498,-1.259999,-23.117483,975.000000
19.879986,2.677498,-11.637491,
9.029993,6.929995,-1.557499,
11.322492,-0.210000,27.929979,
8.557494,1.294999,38.762470,
-18.182487,3.867497,1.049999,
10.709992,4.479997,1.592499,
21.664984,-1.312499,-6.719995,
11.444992,2.834998,-27.824980,
-8.837494,14.297489,-31.727476,
-17.359987,-1.277499,-42.209969,975.000000
9.502493,10.692492,-17.744987,
10.324992,-26.844980,-21.087484,
16.939987,0.437500,6.947495,
-6.159996,13.299991,12.477491,
-9.572493,-28.437479,-1.452499,
-3.447498,-1.662499,20.247486,
26.232481,1.574999,38.464973,
-0.192500,33.494976,15.172489,
-1.714999,-26.774981,-40.319969,
-11.707492,-24.902481,-19.879986,975.000000
9.379993,6.509995,-9.729993,
0.577500,5.109996,-13.107491,
25.182482,-5.949996,-7.612494,
3.219998,10.219993,4.479997,
-16.554989,2.169998,17.797487,
-3.324998,3.569997,3.482497,
8.539994,14.629990,14.349990,
7.874994,13.369990,-16.134989,
-14.857490,-5.197496,-34.684975,
-3.552497,-3.062498,-31.552477,975.000000
4.812497,1.837499,-27.702480,
-0.752499,13.562490,-1.767499,
30.082478,-15.119989,-8.172494,
-16.519987,18.619986,11.112492,
26.284981,-18.584986,-6.894995,
-8.102494,3.394998,-30.344978,
10.604992,3.552497,-13.142490,
7.647494,-9.344994,-12.109991,
23.082483,-15.837488,-22.382484,
-19.337486,7.174995,-27.264980,975.000000
-11.304992,-10.499992,-15.749989,
-5.739996,-1.767499,-11.497492,
-0.700000,-4.112497,-17.114988,
-1.592499,-2.694998,17.394987,
-13.177490,-21.507484,8.469994,
-15.417489,-19.897486,18.357487,
-21.594984,-31.202477,-40.967472,
-29.662479,31.832478,-35.997475,
-27.229980,38.779972,-25.234982,
-23.799982,18.182487,-6.772495,975.000000
44.904968,-34.929974,15.732489,
64.312454,-28.244980,29.872478,
-5.564996,0.787499,-45.954967,
-8.487494,0.560000,-44.099968,
-8.994993,8.434994,-8.434994,
-35.927475,-29.679979,-3.867497,
15.574988,3.097498,35.804974,
43.802467,-22.434984,21.699984,
0.927499,17.534986,-31.849977,
-9.782493,11.952492,-22.312485,975.000000
-41.159969,-17.097488,1.102499,
-131.407410,4.427497,-31.132477,
44.712467,11.462492,25.619982,
47.494965,-7.489995,9.764993,
-8.364994,36.382473,-55.002460,
78.049942,5.442496,-26.144981,
1.679999,54.074963,-42.682468,
47.687466,-73.219948,-32.357475,
-12.547491,24.027483,-26.774981,
-14.017489,43.399967,8.172494,975.000000
30.607477,-8.067494,-47.757465,
39.672470,-6.352495,-52.692463,
29.924978,-2.572498,-50.819962,
29.014978,-60.374958,-77.034943,
-10.482492,-32.497475,-65.397453,
0.332500,-42.559971,-85.609940,
-21.437485,5.722496,-69.754951,
-7.944994,-0.280000,-75.652443,
-1.189999,-4.409997,-67.532448,
29.312479,0.857499,-8.977493,975.000000
22.574984,-30.204979,-59.534958,
-11.899991,0.525000,-45.447468,
5.529996,-3.272498,-40.267471,
2.834998,7.752494,-69.194946,
12.599991,-21.769983,-88.794937,
11.952492,8.749993,-81.777443,
22.224983,-2.117498,-91.402435,
-4.287497,-25.969980,-114.484917,
4.952497,-7.664994,-75.022446,
27.947479,-22.067484,-69.544952,975.000000
28.769979,-22.207483,-56.944958,
-8.102494,-0.665000,-33.144978,
-0.665000,-4.689997,-16.029989,
2.712498,3.044998,-18.619986,
7.717494,2.817498,-23.677483,
25.234982,4.777496,-28.717480,
-6.667495,5.477496,-14.542489,
-9.974993,-3.079998,-3.079998,
-3.762497,-6.982495,2.047498,
4.147497,-2.939998,7.979994,975.000000
41.107471,-26.214981,19.652485,
2.922498,-35.489975,-33.424976,
-17.027487,48.964966,-1.557499,
19.127485,1.539999,-9.257493,
27.702480,-46.129967,-13.229990,
-53.549961,27.194981,-21.997484,
8.924994,-4.252497,35.717476,
9.257493,8.364994,23.502483,
32.112476,-16.834988,29.819979,
-59.324959,-27.124981,-38.114971,975.000000
-48.492466,19.564985,-6.999995,
35.664974,-4.322497,11.392491,
23.537483,1.854999,-25.199982,
-43.889969,24.972483,-19.022486,
-12.442491,8.504993,13.999990,
44.344967,-3.044998,31.062477,
78.924942,-26.284981,41.369968,
50.609962,-25.164982,-60.269955,
5.704996,23.309982,-46.707466,
-54.389961,-16.992487,-49.244965,975.000000
-12.249991,-14.174990,28.367479,
18.917486,-23.519983,13.404990,
84.524940,-27.037481,35.437473,
12.214992,-20.929985,-36.329975,
2.397498,35.349976,-38.674973,
26.232481,29.417479,8.382494,
-44.379967,-7.262495,-28.017479,
-12.652491,14.979989,28.839979,
-0.437500,-5.074996,38.779972,
-55.159962,12.389991,-51.624962,975.000000
22.242483,-14.577490,3.377497,
-52.587463,27.194981,-32.077477,
32.672478,-39.497471,38.114971,
-13.317491,53.532463,20.422485,
43.312469,24.359982,65.327454,
32.462475,-92.347435,-33.739975,
-38.814972,68.127449,22.329985,
14.892489,-3.552497,24.377481,
30.274979,-9.659993,-11.269992,
-9.362494,14.419990,-43.872467,975.000000
-1.767499,-17.114988,-14.349990,
12.932490,0.647500,10.447493,
-3.009998,-4.514997,-8.452494,
15.697489,-1.557499,37.782475,
-5.914996,5.949996,28.419979,
-8.417494,13.509990,31.272478,
5.599996,-9.449993,30.152477,
8.224994,5.267496,38.604973,
17.114988,-28.192480,14.297489,
-17.727488,7.647494,-17.447487,975.000000
4.164997,-15.924989,17.692488,
7.857494,6.264996,11.077492,
-16.327488,26.967480,25.549982,
4.812497,-7.594995,50.312462,
-13.194990,-2.187498,78.627441,
-6.947495,13.054991,100.817429,
-13.964990,-15.504989,67.409950,
-0.315000,14.402490,81.934944,
6.597495,7.192495,48.527466,
-21.909985,21.734983,13.807490,975.000000
4.794997,21.664984,4.584997,
8.189994,-25.042482,-18.934986,
-9.694993,14.419990,19.039986,
8.294994,-7.104995,24.307482,
20.107485,-7.419995,43.172470,
-4.602497,3.727497,38.937473,
-6.439995,26.442480,54.547459,
-2.904998,34.264977,33.547474,
23.642483,19.757486,12.757491,
25.777481,-4.077497,5.407496,975.000000
-8.102494,-44.659969,-6.842495,
-19.582485,-4.287497,-21.629984,
-15.504989,-9.362494,-73.307449,
-26.197481,13.807490,-55.667461,
3.762497,-5.319996,-26.634981,
-4.374997,-6.422495,1.172499,
32